%PVC_PPPM=[-0.1357703044	0.0773089824	-0.1427701329	-0.1287704759
%0.4040975548	0.0720526459	0.3975736536	0.410621456
%-0.3428517217	0.0771637242	-0.349838398	-0.3358650454
%-0.4685567463	0.0827105772	-0.4760456543	-0.4610678383
%0	0	0	0
%-0.8336179258	0.0705491809	-0.840005698	-0.8272301536
%-0.9800008704	0.0752290027	-0.9868123702	-0.9731893706
%-0.6872349812	0.0658693591	-0.6931990258	-0.6812709366
%0	0	0	0
%-0.4352077877	0.0734133884	-0.4418548953	-0.42856068
%-0.8377202976	0.0745235873	-0.8444679266	-0.8309726686
%-0.0326952778	0.0723031895	-0.0392418641	-0.0261486914
%0	0	0	0
%-0.5594141388	0.0792666668	-0.566591223	-0.5522370546
%0.1348245426	0.072360753	0.1282727442	0.1413763409
%-0.386804814	0.0832827502	-0.3943455286	-0.3792640995
%-0.0284071069	0.0614015716	-0.0339666222	-0.0228475916
%-0.1387732939	0.0668043347	-0.1448219945	-0.1327245933
%-2.3779100218	0.1124839244	-2.3880947139	-2.3677253297];

PE_PPPM=[0.290959164	0.0404069295	0.2873005778	0.2946177502
0.5642402267	0.0420961055	0.5604286966	0.5680517569
0.0982237642	0.0424903213	0.0943765403	0.1020709881
0.2104135011	0.0366343617	0.2070964965	0.2137305057
0	0	0	0
0.0996239487	0.0356627621	0.0963949162	0.1028529813
-0.0017710363	0.0319808269	-0.0046666934	0.0011246208
0.2010189338	0.0393446972	0.1974565258	0.2045813417
0	0	0	0
0.0023348647	0.0454469636	-0.001780064	0.0064497934
-0.0302081362	0.044237569	-0.034213562	-0.0262027103
0.0348778656	0.0466563583	0.030653434	0.0391022972
0	0	0	0
0.151664103	0.0501031513	0.1471275866	0.1562006194
-0.0360471584	0.0415695855	-0.0398110156	-0.0322833012
-0.0972583681	0.0421997472	-0.1010792823	-0.0934374538
0.0752004523	0.0385580497	0.0717092702	0.0786916344
0.0597838593	0.0330539135	0.0567910412	0.0627766775
0.7566417296	0.0951344605	0.7480279193	0.7652555399];

%molar mass
AP = 574.893;
APy= 888.831;
AT = 707.117;

DCN= 406.698;
PHPN = 464.737;

BZB	= 290.398;
PH= 503.859;
QH= 553.919;
TIR	= 572.98;
TBO	= 414.718;

HP	= 482.881;
SQ =	422.826;

%molar mass of asphalt molecules 
AAA1= 32598.293;
AAK1= 27816.136;
AAM1= 42528.298;





%AAA1= [((4*SQ/AAA1)*PVC_PPPM(7))+((4*HP/AAA1)*PVC_PPPM(8))+((11*PHPN/AAA1)*PVC_PPPM(11))+((13*DCN/AAA1)*PVC_PPPM(12))+((4*QH/AAA1)*PVC_PPPM(16))+((4*TIR/AAA1)*PVC_PPPM(18))+((5*TBO/AAA1)*PVC_PPPM(17))+((4*PH/AAA1)*PVC_PPPM(15))+((15*BZB/AAA1)*PVC_PPPM(19))+((3*AP/AAA1)*PVC_PPPM(2))+((2*APy/AAA1)*PVC_PPPM(3))+((3*AT/AAA1)*PVC_PPPM(4))]

AAA1_PE=  [((4*SQ/AAA1)*PE_PPPM(7))+((4*HP/AAA1)*PE_PPPM(8))+((11*PHPN/AAA1)*PE_PPPM(11))+((13*DCN/AAA1)*PE_PPPM(12))+((4*QH/AAA1)*PE_PPPM(16))+((4*TIR/AAA1)*PE_PPPM(18))+((5*TBO/AAA1)*PE_PPPM(17))+((4*PH/AAA1)*PE_PPPM(15))+((15*BZB/AAA1)*PE_PPPM(19))+((3*AP/AAA1)*PE_PPPM(2))+((2*APy/AAA1)*PE_PPPM(3))+((3*AT/AAA1)*PE_PPPM(4))]

%AAK1= [((2*SQ/AAK1)*PVC_PPPM(7))+((2*HP/AAK1)*PVC_PPPM(8))+((10*PHPN/AAK1)*PVC_PPPM(11))+((10*DCN/AAK1)*PVC_PPPM(12))+((4*QH/AAK1)*PVC_PPPM(16))+((4*TIR/AAK1)*PVC_PPPM(18))+((4*TBO/AAK1)*PVC_PPPM(17))+((4*PH/AAK1)*PVC_PPPM(15))+((12*BZB/AAK1)*PVC_PPPM(19))+((3*AP/AAK1)*PVC_PPPM(2))+((2*APy/AAK1)*PVC_PPPM(3))+((3*AT/AAK1)*PVC_PPPM(4))]